-0.19539011331516656
0.23878142665805369
-0.24948277558856807
-0.2182370450685914
0.45484693129140474
0.4472118610450143
0.1619660510598883
-0.054586483410555456
-0.16121131218624654
-0.04220362930139489
0.29308255246346115
-0.8189474806013971
-0.23794649064853082
-0.1367197385675648
-0.294903908145783
0.47167669410536683
-0.08879970128216283
-0.0021888671113376524
-0.29012792266153137
0.16583590403468204
0.3432337848677183
0.2367375799483637
-0.04656611151998597
-0.5096848055308405
0.20796836994453563
0.2938251032901219
