0.22532331481990228
-0.052392364642991275
0.06711252977845805
0.29790631499879616
-1.430427297367176
0.7441853036534555
-0.12368817201698777
0.3600995915867236
-0.08705398619123782
0.4701714376382012
0.5572864053058062
-0.05429572525063779
-0.44761752120241777
0.21003400094843389
0.3535798802698818
-0.019193703468401505
1.64614444325426
-1.3526849088490827
-0.08274973110387521
-0.055097036562825476
0.3227878943245828
0.05956647811033052
-0.9592948217470378
0.3929965325403696
-0.11885533278086251
0.329286716363676
-0.4989361771854304
-0.31486285174861467
1.265947124356291
-0.3114664834461028
-0.48503261598703806
-0.4628458962298929
-0.2514529854268963
-0.3328441076919387
0.674173767701296
0.24717574848524093
0.13429510752079213
0.4096275752248413
0.134323945770505
-0.2928185331806662
0.924246976033678
-0.5675727357154725
0.13424980943390027
-0.5119871774657709
0.08973699414481946
-0.24512573720663597
1.390883796643853
-1.0380481550383085
-0.4148150101983016
-0.11354583262391467
0.24824704305043976
-0.01998580336433197
-0.6196193536731598
0.3490033422064382
-0.4875284625214925
0.3801394902621284
0.33801906577598456
-0.24925733800141037
-0.36012367797032424
0.12092627879179826
0.44020956511273945
0.08770773383292632
-0.09318452883624831
0.4196123496656252
1.0372225830226147
-0.3670355062071123
-0.37381504758708645
0.339449049495483
0.0753355733764135
0.3766702106605789
0.012895122982469358
-1.005130019189509
-0.06866549699521583
0.2684654446965932
-0.13499174862613836
0.32748730343391724
1.2184143082440095
-1.0056457098818674
0.3159266394334762
-0.15915754254683637
-0.2987834563948247
0.44630167136341437
-1.5532813126526235
0.9214688773042763
-0.1707267184409414
-0.2117063099140228
-0.13222571710489864
0.4585310827306409
-0.9748082639600517
0.17922901086497517
-0.08767255200966942
0.3223328384129217
0.49713643961947984
-0.477491243511036
1.084727943030255
-0.17720338047470469
0.25189584675300036
0.11548931667853125
-0.14278220199568603
0.023184218276536182
-0.6880465658660503
0.22926440587390434
0.3851613419925256
-0.25336768246766733
-0.08870678730644979
0.28453745439365785
0.03422779812938058
-0.03373422749191132
-0.34267888132676183
-0.09195503310370089
0.12989155629557436
0.23879201359001315
-1.3489865660378526
0.6120925920823591
0.1959261270668317
0.01077864126418918
0.2537001987521104
-0.2224302243474748
-0.7445087457980737
0.8012720443361956
0.3135496247979531
-0.09472403190180605
0.33012880510995035
-0.4582347721780609
0.5564742865713019
0.176381816398238
-0.13536426326443074
0.09545712225951654
0.13874910091873982
0.46415543486249117
-0.08798138706532885
0.3537943908485252
-0.438038047867145
0.17077369929747155
0.15782314013748086
0.0701566140755834
-1.0778539261263536
0.6517702330930321
0.13832341430370176
-0.09944805518738749
0.27712008967607127
0.171094437416691
0.05795990507842094
-0.6545955461664528
0.12442290021345394
-0.32684445918953375
-0.4129241575534609
0.30308542821361495
-1.2831000647679156
1.0852670248665208
