11111   1.1756085704358614
11112   0.031225593564206122
11113   -0.7715226128065223
11114   -0.5284999333153072
11121   0.21384682243130687
11122   -0.1746730359811824
11123   -0.3434304846631061
11124   -0.3729406912007486
11131   0.09017602821032114
11132   0.2515798742423388
11133   0.0
11134   0.0
11141   -0.2836098713566738
11142   -0.11019796244603988
11143   -0.40944149602421287
11144   -0.4317428166201436
11211   1.3909911657576064
11212   0.8579321876322468
11213   0.2532463060591491
11214   0.6185933253195652
11221   0.5355485111500858
11222   0.069250263322898
11223   -0.030749736677102
11224   0.010366094075645794
11231   0.0
11232   0.0
11233   0.0
11234   0.0
11241   0.2093096635802929
11242   0.0
11243   -0.1632414785804852
11244   0.0
11311   3.0133024306871152
11312   1.5576027849449032
11313   1.182974038521541
11314   1.2272716351015276
11321   0.0
11322   0.0
11323   0.0
11324   0.025
11331   0.0
11332   0.0
11333   0.0
11334   0.0
11341   0.0
11342   0.0
11343   0.0
11344   0.0
11411   0.9401750445033843
11412   0.0
11413   -0.04329999999999999
11414   -0.015384245994695412
11421   0.0
11422   0.0
11423   0.0
11424   0.0
11431   0.0
11432   0.0
11433   0.0
11434   0.0
11441   0.0
11442   0.0
11443   0.0
11444   0.0
12111   0.14037209668791223
12112   -0.6712233413770929
12113   -0.6907562225174675
12114   -0.8728167059235836
12121   -1.5277655559621772
12122   -2.080181755401324
12123   -0.48381013156037234
12124   -1.324119246772479
12131   0.2572049608963408
12132   -0.09581030524143144
12133   -0.6193857863716247
12134   -0.35084130809346037
12141   -0.3447322148167862
12142   -0.20597323679096174
12143   -0.25256046742537874
12144   -0.2965585270332734
12211   1.5394234324955323
12212   0.6991449109112052
12213   1.231628890350438
12214   1.2158457406613241
12221   0.4056244826286305
12222   -0.28257937132987876
12223   0.11372636740377534
12224   -0.09610637456125208
12231   0.0
12232   0.0
12233   0.0
12234   0.0
12241   0.011159528680157162
12242   -0.2230917205956931
12243   0.0
12244   0.0010043575812141445
12311   3.165813297197889
12312   1.428111381040699
12313   0.9584037940333159
12314   1.4068354855716558
12321   0.4048976440336001
12322   -0.038543008111293235
12323   0.1877111083351671
12324   0.3299399213529026
12331   0.0
12332   0.0
12333   0.0
12334   0.0
12341   0.0
12342   0.0
12343   0.0
12344   0.0
12411   0.34811948233595325
12412   0.0
12413   -0.1699436834240043
12414   0.08413143832863197
12421   0.0
12422   0.0
12423   0.0
12424   0.0
12431   0.0
12432   0.0
12433   0.0
12434   0.0
12441   0.0
12442   0.0
12443   0.0
12444   0.0
13111   0.10099569114373644
13112   -0.719797914407376
13113   -0.6296158668605647
13114   -0.5142941376130706
13121   -0.7091197490231975
13122   -0.6228477359635809
13123   -0.9521730189052542
13124   -0.8303213177611688
13131   0.38683823947893026
13132   1.0118145244768841
13133   -0.14987714354492554
13134   -0.2995197307407254
13141   -0.34180560731454557
13142   1.6647244333810107
13143   0.8255125521461297
13144   -0.0015230732920558654
13211   2.182817069559725
13212   1.3223731653044426
13213   1.3784488537260227
13214   1.6689095203831594
13221   1.4029780294403456
13222   0.25416853517443433
13223   0.8522295208994606
13224   0.9010481672543642
13231   0.0
13232   0.0
13233   0.0
13234   0.0
13241   0.07500000000000001
13242   0.0
13243   0.0
13244   0.0
13311   3.014952733845915
13312   1.7671925608897188
13313   1.5321547964264324
13314   2.3238961129592113
13321   1.8821097368684094
13322   0.4523065374243561
13323   0.6771536363417712
13324   0.560057825546191
13331   0.0
13332   0.0
13333   0.0
13334   0.0
13341   0.0
13342   0.0
13343   0.0
13344   0.0
13411   0.0
13412   0.0
13413   -0.2
13414   0.0
13421   0.0
13422   0.0
13423   0.0
13424   0.0
13431   0.0
13432   0.0
13433   0.0
13434   0.0
13441   0.0
13442   0.0
13443   0.0
13444   0.0
14111   -0.6730893658399143
14112   0.12655688382446517
14113   -0.6371655656821053
14114   -0.5107065150450557
14121   -0.0363778305815942
14122   -0.9176885611601928
14123   -0.5061309232888638
14124   -0.7865123162115649
14131   -0.18596263430011684
14132   1.2898464289906844
14133   -0.22362989633580885
14134   -0.6653991175810239
14141   0.4131175910794137
14142   1.295374221723808
14143   0.2901131793527439
14144   -0.04924309570142274
14211   1.534531127114446
14212   0.4385670172049509
14213   1.2604947955802988
14214   1.3281066403229076
14221   1.6460346319226662
14222   0.983591501511927
14223   1.5509090893795348
14224   1.4737669636763453
14231   0.0
14232   0.0
14233   0.0
14234   0.0
14241   0.0
14242   0.0
14243   0.0
14244   0.0
14311   2.0730922193185015
14312   -0.021964665905577413
14313   0.8628303891514831
14314   0.6483942626743912
14321   2.5794794733397772
14322   1.2069336305513136
14323   1.8385739035468562
14324   1.0888537474989708
14331   0.0
14332   0.0
14333   0.0
14334   0.0
14341   0.0
14342   0.0
14343   0.0
14344   0.0
14411   0.0
14412   0.0
14413   0.0
14414   0.0
14421   0.0
14422   0.0
14423   0.0
14424   0.0
14431   0.0
14432   0.0
14433   0.0
14434   0.0
14441   0.0
14442   0.0
14443   0.0
14444   0.0
15111   -0.4105817443897589
15112   -0.7919965556384251
15113   -0.024629984990722262
15114   -0.4009681784496367
15121   1.0230754377261995
15122   0.1885020842317205
15123   -0.2359591732755527
15124   -0.1712073196585992
15131   -0.9808261284097157
15132   -0.5251277378750172
15133   -0.840015868584355
15134   -1.1156021513166923
15141   -0.13630387138822753
15142   0.49960116145792677
15143   -0.3535227115626609
15144   -0.53091220870526
15211   1.0099973598461487
15212   -0.4890899045611997
15213   0.4469786577415466
15214   0.2495683604145482
15221   2.028799012884779
15222   0.8413688834091829
15223   1.438012370146274
15224   0.7235265490128391
15231   0.3034876579231798
15232   0.0
15233   -0.04768611078691382
15234   0.0
15241   0.0
15242   0.0
15243   0.0
15244   0.0
15311   1.4806939558177838
15312   0.05826245602360054
15313   -0.004443390151971982
15314   0.22884751082784144
15321   3.0373937019063573
15322   1.771579616395163
15323   1.358054688817759
15324   1.3333759414151773
15331   0.0
15332   0.0
15333   0.0
15334   0.0
15341   0.0
15342   0.0
15343   0.0
15344   0.0
15411   0.0
15412   0.0
15413   0.0
15414   0.0
15421   0.0
15422   0.10664363308005592
15423   0.0
15424   0.03459792697720503
15431   0.0
15432   0.0
15433   0.0
15434   0.0
15441   0.0
15442   0.0
15443   0.0
15444   0.0
16111   -0.2492278354090953
16112   -0.20260213386484738
16113   -0.2614656898102011
16114   -0.47526395851330416
16121   0.6686515435322562
16122   -0.1476776165068915
16123   -0.8966783768948048
16124   -0.8934549847302531
16131   -0.059090480526962
16132   -0.46667506927581354
16133   -0.3288494568042288
16134   -0.46979779050424075
16141   -0.19838074291823019
16142   -0.19774702802088018
16143   -0.30000000000000004
16144   -0.7573316677168032
16211   0.3560613631755906
16212   0.12324661000000002
16213   0.1
16214   0.07865190000000001
16221   1.876608931014635
16222   1.0118406701257572
16223   0.48417596725849743
16224   0.36615462237331287
16231   0.018932171552734266
16232   0.03175
16233   0.201828925
16234   0.0067500000000000025
16241   0.0
16242   0.0
16243   0.0
16244   0.0
16311   0.0
16312   0.0
16313   0.0
16314   0.025
16321   2.4672406904924093
16322   1.2777053471521318
16323   0.7800341829258682
16324   1.4827940189524078
16331   0.0
16332   0.0
16333   0.0
16334   0.0
16341   0.0
16342   0.0
16343   0.0
16344   0.0
16411   0.0
16412   0.0
16413   0.0
16414   0.0
16421   1.2350411665338699
16422   0.0
16423   -0.07500000000000001
16424   0.0
16431   0.0
16432   0.0
16433   0.0
16434   0.0
16441   0.0
16442   0.0
16443   0.0
16444   0.0
21111   1.0314775125540283
21112   0.26167845044862414
21113   -0.20501400425200017
21114   -0.13697053104047047
21121   -0.1775338787047343
21122   0.16914754613154
21123   -0.09011726288560577
21124   -0.4060183662042364
21131   -0.018525787428247925
21132   0.30200819769314785
21133   -0.02839865491684279
21134   -0.171019350041657
21141   -0.6718035306813142
21142   -1.124732014266192
21143   -0.5021140123314608
21144   -0.3258156548267781
21211   2.0345157819693376
21212   1.7116846919224418
21213   1.097636216581278
21214   1.6324318914484444
21221   0.567202539362446
21222   0.0
21223   -0.06900065955270655
21224   0.04197446108880054
21231   0.0
21232   0.0
21233   0.0
21234   0.0
21241   0.8912417853147324
21242   -0.11495476215731575
21243   0.08647113640158692
21244   0.4031177743105695
21311   3.6429183647055035
21312   1.7272590204987996
21313   2.09078586296736
21314   1.575743083076431
21321   0.8315568031857455
21322   0.0
21323   0.15741425483506777
21324   0.0
21331   0.0
21332   0.0
21333   0.0
21334   0.0
21341   0.0
21342   0.0
21343   0.0
21344   0.0
21411   0.0
21412   0.0
21413   0.0
21414   0.0
21421   0.0
21422   0.0
21423   0.0
21424   0.0
21431   0.0
21432   0.0
21433   0.0
21434   0.0
21441   0.0
21442   0.0
21443   0.0
21444   0.0
22111   1.045963163712911
22112   0.5947634022340673
22113   0.49995420773611776
22114   0.2734660685690822
22121   -0.783314597058903
22122   -0.5821522363372671
22123   -0.32523396738091626
22124   0.333180061683245
22131   0.7095303054745047
22132   1.621683599010817
22133   0.9199873637230361
22134   1.1878648815632504
22141   -0.22904567540002307
22142   0.2228525735703575
22143   0.3843780826262308
22144   0.46759321441259416
22211   2.1579773840540217
22212   1.939217735895174
22213   1.771393557608814
22214   2.2267542774337135
22221   1.6540717325208636
22222   0.6898764416811609
22223   0.9011382299956474
22224   0.5526026227826534
22231   0.0
22232   0.0
22233   0.0
22234   0.0
22241   0.06633467708251185
22242   0.18809182922776346
22243   0.8739324601190225
22244   0.2892548221018431
22311   3.2445096065416905
22312   1.282900505152251
22313   2.339612322104303
22314   2.2293604078685374
22321   0.1
22322   0.00902760058821846
22323   0.3246883913477675
22324   0.656442054028828
22331   0.0
22332   0.0
22333   0.0
22334   0.0
22341   0.0
22342   0.0
22343   0.0
22344   0.0
22411   0.0
22412   0.0
22413   0.0
22414   0.0
22421   0.0
22422   0.0
22423   0.0
22424   0.0
22431   0.0
22432   0.0
22433   0.0
22434   0.0
22441   0.0
22442   0.0
22443   0.0
22444   0.0
23111   1.00745928498857
23112   1.4240401671587428
23113   0.5859929623630872
23114   0.4798830727475522
23121   0.32330827544038027
23122   0.6484099339693071
23123   0.35814791979698585
23124   0.3706683470617547
23131   0.2682275077985277
23132   1.6651228906039082
23133   0.8197321837010705
23134   0.9273552211920028
23141   0.5697800718500522
23142   1.2634598256480134
23143   1.1472703234506874
23144   0.9827838489068524
23211   2.3997664926970375
23212   1.8221695837185252
23213   2.322074688518115
23214   2.2177536705680776
23221   1.806447529088385
23222   1.2389067382927217
23223   1.3037772657565743
23224   1.3506879675782777
23231   0.0
23232   0.0
23233   0.0
23234   0.0
23241   0.2734435712349285
23242   0.5826433098929816
23243   0.12238932444443351
23244   0.08463159388287109
23311   3.319020481201279
23312   1.5001454694058793
23313   1.958701617931745
23314   2.0516041321524323
23321   1.2642869101189134
23322   0.5057945210479501
23323   0.20754503832647297
23324   1.4049369408941454
23331   0.0
23332   0.0
23333   0.0
23334   0.0
23341   0.0
23342   0.0
23343   0.0
23344   0.0
23411   0.0
23412   0.0
23413   0.0
23414   0.0
23421   0.0
23422   0.0
23423   0.0
23424   0.0
23431   0.0
23432   0.0
23433   0.0
23434   0.0
23441   0.0
23442   0.0
23443   0.0
23444   0.0
24111   0.9439448521665124
24112   0.7143493835147312
24113   1.1884983598760335
24114   0.9610821837530809
24121   0.8335855514051664
24122   0.9602966103514026
24123   0.5147771180812484
24124   0.5803848958822408
24131   -0.16670524329379177
24132   1.1465040421783883
24133   0.2854744575129291
24134   0.13391895752478344
24141   0.6449462205233449
24142   1.728411486149287
24143   1.1914032279148044
24144   0.5843968969655694
24211   1.7826065716787
24212   1.1600770768116682
24213   1.7623038276161456
24214   1.9641757609857495
24221   1.5288917252479157
24222   1.3748818749176863
24223   2.0558393884254897
24224   1.5695417059564685
24231   0.40603321253353136
24232   0.8725957584128817
24233   0.07023597803753472
24234   0.0
24241   0.0
24242   0.0
24243   0.0
24244   0.0
24311   2.046057884668017
24312   0.38193315268443956
24313   0.5460892726223256
24314   0.7478352185572406
24321   3.4637689914414227
24322   1.2239716849055975
24323   2.158201120134881
24324   1.6050594182748523
24331   0.0
24332   0.0
24333   0.0
24334   0.0
24341   0.0
24342   0.0
24343   0.0
24344   0.0
24411   0.0
24412   0.0
24413   0.0
24414   0.0
24421   0.0
24422   0.0
24423   0.0
24424   0.0
24431   0.0
24432   0.0
24433   0.0
24434   0.0
24441   0.0
24442   0.0
24443   0.0
24444   0.0
25111   -0.28357628391214984
25112   0.33818429276134915
25113   0.41720617207161215
25114   -0.1465146350693325
25121   1.6453081998571766
25122   0.916054263929585
25123   0.9236162311179008
25124   1.054382734215265
25131   -0.37632110117858564
25132   -0.2555949171042455
25133   -0.14192039896783443
25134   -0.10668430582986495
25141   0.4215963863924226
25142   1.3380738962438445
25143   0.6568986170880242
25144   0.7317215289604901
25211   1.5418929338753355
25212   0.43486645238359023
25213   0.5848259097156373
25214   0.7958019086342393
25221   2.132363652348336
25222   2.4619851600872242
25223   1.678213112814514
25224   1.8480695991321225
25231   0.5283053823068857
25232   -0.2813823791151977
25233   0.0721556613978766
25234   0.3723293694701011
25241   0.0
25242   0.0
25243   0.0
25244   0.0
25311   0.4030451199560976
25312   -0.1489330014530055
25313   0.09388266193835866
25314   1.0182131705177768
25321   3.6197008991660007
25322   1.7232845381622004
25323   2.1100310784627565
25324   1.9309789189704611
25331   0.0
25332   0.0
25333   0.0
25334   0.0
25341   0.0
25342   0.0
25343   0.0
25344   0.0
25411   0.0
25412   0.0
25413   0.0
25414   0.0
25421   0.0
25422   0.0
25423   0.1
25424   0.0
25431   0.0
25432   0.0
25433   0.0
25434   0.0
25441   0.0
25442   0.0
25443   0.0
25444   0.0
26111   -0.4434582689776774
26112   0.17123008036647674
26113   -0.43487872851485754
26114   -0.007909223406739274
26121   1.4361765162310476
26122   0.3017804716379728
26123   -0.17495500762942745
26124   0.2696158822671825
26131   -0.6350998590705461
26132   -1.395227866345276
26133   -0.9956072280078674
26134   -1.4059182339069145
26141   -0.14773234383173856
26142   0.16748409061748437
26143   -0.6560085413989776
26144   -0.8587151085985544
26211   0.07500000000000001
26212   -0.09325
26213   0.058463925
26214   0.5199447358132878
26221   1.8860643705502793
26222   1.6091460983908796
26223   1.3780888333284274
26224   1.3717653490730353
26231   0.5620938077114853
26232   -0.3655632890764038
26233   -0.004547118745783729
26234   0.09950191983349124
26241   0.0
26242   0.0
26243   0.0
26244   0.0
26311   0.0
26312   0.0
26313   -0.003623506906180452
26314   0.0
26321   2.780539233774181
26322   1.3720234448340345
26323   1.7177668018008934
26324   1.8333839110199075
26331   0.1
26332   0.0
26333   0.0
26334   0.0
26341   0.0
26342   0.0
26343   0.0
26344   0.0
26411   0.0
26412   0.0
26413   0.0
26414   0.0
26421   0.2105019255289073
26422   0.0
26423   0.11894517329760167
26424   0.0
26431   0.0
26432   0.0
26433   0.0
26434   0.0
26441   0.0
26442   0.0
26443   0.0
26444   0.0
31111   0.9260907739498228
31112   0.8057868059698077
31113   0.7378005152498722
31114   0.34199482082442745
31121   -0.044617779864458584
31122   0.6104319101071994
31123   -0.35665170010046987
31124   0.07107162529886556
31131   0.7224011942330737
31132   1.1005395791843595
31133   -0.27679195824610414
31134   -0.07128006654218133
31141   -0.5322486721287483
31142   -1.1151356245007904
31143   -0.4998484524127361
31144   0.18304865112628196
31211   2.2286711846011906
31212   1.5455122796680225
31213   1.745753187817927
31214   1.9668236434334199
31221   -0.032179099999999995
31222   0.3982638710864592
31223   -0.09460028999999999
31224   0.0
31231   0.0
31232   0.0
31233   0.0
31234   0.0
31241   0.9558723278480806
31242   -0.28181329270292593
31243   0.6123347668326307
31244   0.3399750609592421
31311   2.304498842364247
31312   0.8095214499725158
31313   1.183818059416913
31314   -0.05537823047292291
31321   0.20264116276749147
31322   0.0
31323   0.0
31324   0.0
31331   0.0
31332   0.0
31333   0.0
31334   0.0
31341   0.0
31342   0.07892404700841943
31343   0.0
31344   0.0
31411   0.0
31412   0.0
31413   0.0
31414   0.0
31421   0.0
31422   0.0
31423   0.0
31424   0.0
31431   0.0
31432   0.0
31433   0.0
31434   0.0
31441   0.0
31442   0.0
31443   0.0
31444   0.0
32111   0.8190841225595584
32112   1.7397299651010156
32113   0.9998095912106618
32114   1.2031182599734986
32121   0.7223351977528394
32122   1.7093815954016938
32123   1.2511209778503711
32124   0.91294454504093
32131   1.231691676003819
32132   1.6725998574620031
32133   1.2527757355252558
32134   1.1282703815982429
32141   0.3672293864174005
32142   0.45328857953891294
32143   0.11530998324686592
32144   0.3920927013156633
32211   2.7114163207355806
32212   1.982985003367964
32213   2.328952853284209
32214   2.1410350628611132
32221   0.8441632401695446
32222   1.9228337100645159
32223   0.5077679673340134
32224   0.6362579235464878
32231   0.0
32232   0.0
32233   0.0
32234   0.0
32241   1.0683170512553333
32242   0.5371797988090651
32243   0.8709515829473278
32244   0.46691208223022845
32311   2.776016484632346
32312   1.222466418546407
32313   0.7111337104195881
32314   0.7158962470453669
32321   0.3673945506069824
32322   0.0
32323   0.0
32324   0.0
32331   0.0
32332   0.0
32333   0.0
32334   0.0
32341   0.0
32342   0.0
32343   0.0
32344   0.0
32411   0.0
32412   0.0
32413   0.0
32414   0.0
32421   0.0
32422   0.0
32423   0.0
32424   0.0
32431   0.0
32432   0.0
32433   0.0
32434   0.0
32441   0.0
32442   0.0
32443   0.0
32444   0.0
33111   1.5610979737659167
33112   2.341202616472382
33113   1.8136598046660444
33114   1.5030678840388647
33121   1.0010742843231062
33122   1.9806412630995458
33123   1.7146779219563402
33124   1.6655826013606263
33131   1.4474268612118786
33132   1.9642779343612595
33133   1.932247750201995
33134   2.02508566595052
33141   1.3758271808168672
33142   2.1796715927356676
33143   2.026987752498008
33144   1.971969289561683
33211   2.864465885438549
33212   2.993754192401747
33213   2.7017901079048956
33214   2.9628193898825863
33221   2.034377896424349
33222   2.8423353992942495
33223   1.6312809693396257
33224   1.9545353859844168
33231   0.03232969375998217
33232   0.3556266313598038
33233   0.0
33234   0.1660064181439661
33241   0.701525463653714
33242   2.4096122644442186
33243   0.40187062129360607
33244   0.5333792655841626
33311   2.0835668130658673
33312   0.6873707847649906
33313   0.18752101317592806
33314   0.3718103013506634
33321   0.638249053661355
33322   0.1479408230601232
33323   0.0
33324   0.17569756381423404
33331   0.0
33332   0.0
33333   0.0
33334   0.0
33341   0.0
33342   0.0
33343   0.0
33344   0.0
33411   0.0
33412   0.0
33413   0.0
33414   0.0
33421   0.0
33422   0.0
33423   0.0
33424   0.0
33431   0.0
33432   0.0
33433   0.0
33434   0.0
33441   0.0
33442   0.0
33443   0.0
33444   0.0
34111   2.0753458559832207
34112   2.3184693343197176
34113   1.8131448547180335
34114   1.9617626609541876
34121   1.2729522369287598
34122   2.5605334304690044
34123   2.0304292238202457
34124   1.3734307655466902
34131   1.5428501111654809
34132   2.063937313870269
34133   1.1718192448198625
34134   1.5200228961094553
34141   1.673002949060565
34142   2.198146047714797
34143   1.701215331182218
34144   1.847407383859101
34211   1.6735732520836089
34212   2.271219728224284
34213   1.5049376180986418
34214   1.6021804579581997
34221   2.6261912601063035
34222   2.890345300328002
34223   2.8705683316794857
34224   2.752694555886404
34231   0.5677052728796944
34232   1.4067256652542215
34233   0.5620798932639173
34234   0.32030627685160773
34241   0.02777288801242213
34242   1.0110888587851865
34243   0.0
34244   0.0
34311   0.2793609997647294
34312   1.029842055973801
34313   0.0
34314   0.2407858995529858
34321   0.8095945183311392
34322   1.5401775221188827
34323   0.22793008548173715
34324   0.099
34331   0.0
34332   0.0
34333   0.0
34334   0.0
34341   0.0
34342   0.0
34343   0.0
34344   0.0
34411   0.0
34412   0.0
34413   0.0
34414   0.0
34421   0.0
34422   0.0
34423   0.0
34424   0.0
34431   0.0
34432   0.0
34433   0.0
34434   0.0
34441   0.0
34442   0.0
34443   0.0
34444   0.0
35111   0.4503803200542872
35112   1.605122290109731
35113   1.1014285288838894
35114   1.2276295001667412
35121   1.83454560256757
35122   2.5551401000532747
35123   1.5088682109614115
35124   1.8027739645641876
35131   0.6430658099059412
35132   1.2329012747379675
35133   0.769043464604158
35134   0.8878120916304062
35141   1.3530697506735467
35142   2.032808475161526
35143   1.2977377439759796
35144   1.3736867004396653
35211   1.1692968273208162
35212   1.395447191041492
35213   0.17171768619682884
35214   0.3905062571222705
35221   2.5471139841441577
35222   2.6973037331088374
35223   2.075139915304012
35224   2.2767370257547834
35231   1.3172973649755824
35232   0.4968305499617356
35233   0.8936826184892563
35234   1.1692356369299937
35241   0.0
35242   0.0
35243   0.0
35244   0.0
35311   0.3665622839016779
35312   0.0
35313   -0.07500000000000001
35314   0.0
35321   2.4237820954631566
35322   1.1086480239773653
35323   0.25037938023003936
35324   1.0707386829261458
35331   0.0
35332   0.0
35333   0.0
35334   0.0
35341   0.0
35342   0.0
35343   0.0
35344   0.0
35411   0.0
35412   0.0
35413   0.0
35414   0.0
35421   0.0
35422   0.0
35423   0.0
35424   0.0
35431   0.0
35432   0.0
35433   0.0
35434   0.0
35441   0.0
35442   0.0
35443   0.0
35444   0.0
36111   -0.13985418703245153
36112   0.3026642379148309
36113   -0.40135637204346536
36114   -0.15263889632055663
36121   1.478372517358221
36122   1.0393500587347932
36123   0.4119417597562187
36124   0.8142086322731845
36131   0.2480083349821817
36132   -0.536475067482477
36133   0.23822912120720516
36134   -0.07985158687986069
36141   0.9698684534103778
36142   1.8935391296394728
36143   0.9386037268074882
36144   0.3515176922528513
36211   0.34293345725125
36212   0.5867606361250001
36213   0.0
36214   0.125
36221   2.088244366593739
36222   1.2330624119322326
36223   1.691723825979835
36224   1.4027909746042586
36231   1.2604532178928953
36232   0.029283553957009496
36233   0.18647531962198177
36234   0.5709208707277912
36241   0.0
36242   0.0
36243   0.0
36244   0.0
36311   0.0
36312   0.0
36313   0.0
36314   0.0
36321   3.0113115083234763
36322   0.6727755275390892
36323   1.0224053292255302
36324   1.0908233361292992
36331   0.9024277729642579
36332   0.0
36333   0.02564422274542205
36334   0.08121849956678322
36341   0.0
36342   0.0
36343   0.0
36344   0.0
36411   0.0
36412   0.0
36413   0.0
36414   0.0
36421   0.0
36422   0.0
36423   0.0
36424   0.0
36431   0.0
36432   0.0
36433   0.0
36434   0.0
36441   0.0
36442   0.0
36443   0.0
36444   0.0
41111   0.7947759289462517
41112   0.07417896320273487
41113   0.2141592748111125
41114   0.43987222666811915
41121   -0.001021063574085962
41122   1.4297225455608955
41123   -0.22262339285142418
41124   0.2677111645383865
41131   0.42382737014622685
41132   1.5997036672660583
41133   -0.018660869238514496
41134   0.08083555246618121
41141   0.8631436052952217
41142   -0.4404650347813013
41143   -0.028866679278438556
41144   -0.227287065184408
41211   1.989279016911913
41212   0.8809115632215148
41213   1.0094567658673568
41214   1.5234276021538746
41221   0.2769984586171203
41222   0.14736673642352757
41223   0.0
41224   0.0
41231   0.0
41232   0.0
41233   0.0
41234   0.0
41241   1.6933442255738342
41242   1.1988513596596817
41243   1.0221892476969954
41244   1.394301144367765
41311   1.0040474555682284
41312   0.09303218563360037
41313   -0.1580903952701083
41314   -0.16405276861688484
41321   0.0
41322   0.0
41323   0.0
41324   0.0
41331   0.0
41332   0.0
41333   0.0
41334   0.0
41341   0.8948008270771922
41342   -0.14439707928136075
41343   0.23957470308372267
41344   0.3091855482482059
41411   0.0
41412   0.0
41413   0.0
41414   0.0
41421   0.0
41422   0.0
41423   0.0
41424   0.0
41431   0.0
41432   0.0
41433   0.0
41434   0.0
41441   0.0
41442   0.0
41443   0.0
41444   0.0
42111   1.0876608138775639
42112   1.6398282458812785
42113   0.742605182946894
42114   1.0928549735759159
42121   1.2335832197886423
42122   2.1253177303840727
42123   1.4638419249313606
42124   1.59072363341261
42131   1.2295871225615547
42132   1.9303428470379727
42133   1.6412943101498363
42134   1.5193707195908128
42141   0.4694992640699971
42142   1.8818046743894001
42143   1.0878617335950744
42144   0.9953725465388874
42211   3.412889514780428
42212   2.6605071759276124
42213   2.794351603368657
42214   2.4746357641707184
42221   0.8414971675113778
42222   0.5293746853142884
42223   0.591288047372702
42224   0.13164274983919877
42231   0.06444352194708586
42232   0.20802358729021897
42233   0.674936987899354
42234   0.011092355855021215
42241   2.0009430801800407
42242   2.1991849134178816
42243   1.8714328014814565
42244   1.4089693143280095
42311   1.669838551275096
42312   0.13569375248534513
42313   0.2839286510011002
42314   0.15028546961475864
42321   0.0
42322   0.0
42323   0.0
42324   0.0
42331   0.0
42332   0.0
42333   0.0
42334   0.0
42341   0.0
42342   0.0
42343   0.0
42344   0.0
42411   0.0
42412   0.0
42413   0.0
42414   0.0
42421   0.0
42422   0.0
42423   0.0
42424   0.0
42431   0.0
42432   0.0
42433   0.0
42434   0.0
42441   0.0
42442   0.0
42443   0.0
42444   0.0
43111   1.97354041719499
43112   2.504464338172246
43113   2.0735314373417806
43114   2.0365961896180855
43121   2.047882358950395
43122   2.4093089106668066
43123   2.2584497651862083
43124   2.3182098319098987
43131   2.3626305266247627
43132   2.929882581686039
43133   2.217403833983429
43134   2.295250881470257
43141   1.9654597924179649
43142   2.6966176611700394
43143   1.9120699492454822
43144   1.9298032064406054
43211   2.226199976597978
43212   3.241882482910603
43213   2.0518671090072607
43214   2.118962662688127
43221   1.1025687722303084
43222   2.7600184057267274
43223   1.2790939179946044
43224   0.943121265993363
43231   0.17191812875831947
43232   0.5775445996643516
43233   0.8565790709724216
43234   0.3241479784190903
43241   1.6347905704204877
43242   2.1930017732467895
43243   2.1875311938311697
43244   1.2751164913032338
43311   0.0
43312   0.0
43313   0.1
43314   0.0
43321   0.0
43322   0.0
43323   0.0
43324   0.0
43331   0.0
43332   0.0
43333   0.0
43334   0.0
43341   0.0
43342   0.0
43343   0.0
43344   0.0
43411   0.0
43412   0.0
43413   0.0
43414   0.0
43421   0.0
43422   0.0
43423   0.0
43424   0.0
43431   0.0
43432   0.0
43433   0.0
43434   0.0
43441   0.0
43442   0.0
43443   0.0
43444   0.0
44111   2.0301577632684316
44112   2.765249803260922
44113   2.0812234951316166
44114   2.5139250304760896
44121   2.269872463127167
44122   2.62114523398326
44123   2.504897253439491
44124   2.6990926870529925
44131   1.9295915403474906
44132   2.609426477148004
44133   2.154682372689496
44134   2.034874889209642
44141   2.236834912793351
44142   2.867449346291029
44143   2.1036787459647863
44144   2.2532867508812613
44211   1.3815393276687167
44212   3.1663026896747493
44213   1.9706793369383182
44214   1.7547247656297174
44221   2.43243947306374
44222   3.603040660402069
44223   3.162427098857543
44224   2.322269857164711
44231   1.1329813138352414
44232   2.835111924882658
44233   1.678349099421243
44234   1.5386251192955311
44241   0.3349495303264793
44242   2.0196621612535957
44243   0.16784196620847938
44244   0.9598317882734653
44311   0.0
44312   0.0
44313   0.0
44314   0.0
44321   0.10900000000000001
44322   0.1
44323   0.0
44324   0.009000000000000001
44331   0.0
44332   0.0
44333   0.0
44334   0.0
44341   0.0
44342   0.0
44343   0.0
44344   0.0
44411   0.0
44412   0.0
44413   0.0
44414   0.0
44421   0.0
44422   0.0
44423   0.0
44424   0.0
44431   0.0
44432   0.0
44433   0.0
44434   0.0
44441   0.0
44442   0.0
44443   0.0
44444   0.0
45111   0.7025581559966898
45112   2.3401522545991718
45113   1.8544313502326595
45114   1.7731822823363383
45121   1.621538350692664
45122   2.089776126700479
45123   1.6047390536151553
45124   1.4471168400818455
45131   0.33823586970580827
45132   1.047435784733747
45133   0.4734910537724305
45134   0.8974551432788798
45141   1.0508135277065418
45142   1.8400202757720034
45143   1.536048005761132
45144   1.4715017135722477
45211   1.4711810040946973
45212   1.7304567220697948
45213   0.7587224922010045
45214   0.45409787997174883
45221   2.484099639402761
45222   2.7325920583308285
45223   2.0622916468249355
45224   2.1396924076194574
45231   1.2870581323866999
45232   2.0110595324044005
45233   1.5882808891760456
45234   2.249538137398005
45241   0.2279521329880149
45242   1.25519562311063
45243   0.471978124251714
45244   0.10269633647995657
45311   0.0
45312   0.0
45313   0.0
45314   0.0
45321   0.35007384726796453
45322   0.30074132279314564
45323   0.29658853462237267
45324   0.14986262788282195
45331   0.0
45332   -0.05025000000000001
45333   0.0
45334   0.0
45341   0.0
45342   0.0
45343   0.0
45344   0.0
45411   0.0
45412   0.0
45413   0.0
45414   0.0
45421   0.0
45422   0.0
45423   0.0
45424   0.0
45431   0.0
45432   0.0
45433   0.0
45434   0.0
45441   0.0
45442   0.0
45443   0.0
45444   0.0
46111   0.6731918227792101
46112   2.154103206601314
46113   0.06292099201368151
46114   0.002049647392328803
46121   0.8512844789397952
46122   0.7062911612159596
46123   0.4747315183012436
46124   0.4072719824094073
46131   0.8755864105092606
46132   9.259003427222467E-4
46133   -0.008817635021651171
46134   -0.32621614618289807
46141   0.6184843187034492
46142   1.9415129700933071
46143   0.33438778906532285
46144   0.260674739130412
46211   -0.025
46212   0.293988925
46213   -0.04854099675
46214   0.13455900325000003
46221   2.606202830367807
46222   0.7809638627855162
46223   1.0625873544438476
46224   0.9950891957410677
46231   2.036221163837902
46232   0.7834377122081375
46233   1.1243893363235884
46234   0.8265460747722376
46241   0.21629972488821206
46242   0.0
46243   -0.07500000000000001
46244   0.0
46311   0.0
46312   0.0
46313   0.0
46314   0.0
46321   1.0651029948035422
46322   -0.15937236017572118
46323   -0.12052932860381851
46324   0.1325088264286104
46331   0.5884647842970699
46332   -0.060077809949226714
46333   -0.16507780994922672
46334   0.09139180163243224
46341   0.0
46342   0.0
46343   0.0
46344   0.0
46411   0.0
46412   0.0
46413   0.0
46414   0.0
46421   0.0
46422   0.0
46423   0.0
46424   0.0
46431   0.0
46432   0.0
46433   0.0
46434   0.0
46441   0.0
46442   0.0
46443   0.0
46444   0.0
51111   0.34638748584674545
51112   -0.13386533440821657
51113   -0.31763205493735897
51114   -0.6808517156384508
51121   0.5582265924167006
51122   1.7321262937310218
51123   0.2177258165179792
51124   0.12358099265841684
51131   0.18772401435298755
51132   1.0011334295665275
51133   -0.31347020819936183
51134   0.1590448047202214
51141   1.2433275466487186
51142   0.8363539011637052
51143   0.43878132474724124
51144   0.3274880037039642
51211   1.874934148281935
51212   1.1132220980125385
51213   1.2935505710081456
51214   0.9183445988079121
51221   0.08431514920327093
51222   0.11186230434398468
51223   0.0
51224   0.0
51231   0.0
51232   0.13004592373504537
51233   0.0
51234   0.3338435970560594
51241   2.683616148743132
51242   1.5083426407751253
51243   1.881449937325393
51244   1.7784461504351246
51311   0.13197276528366086
51312   0.0396662846467121
51313   0.3767004181202696
51314   -0.2789973166956168
51321   0.0
51322   0.0
51323   0.0
51324   0.0
51331   0.0
51332   0.0
51333   0.0
51334   0.0
51341   1.9317153885848173
51342   0.19317063875837154
51343   0.0941559102929313
51344   0.41927057299763626
51411   0.0
51412   0.0
51413   0.0
51414   0.0
51421   0.0
51422   0.0
51423   0.0
51424   0.0
51431   0.0
51432   0.0
51433   0.0
51434   0.0
51441   0.0
51442   0.0
51443   0.0
51444   0.0
52111   0.587946365254053
52112   0.819035588733667
52113   0.775885864878091
52114   1.1155380851432448
52121   1.3630537633236586
52122   2.0090663085584044
52123   1.3950876557030496
52124   1.290309158502034
52131   1.5910577426484183
52132   1.9188473689181105
52133   1.6361372302571042
52134   1.7819130193951027
52141   1.1339628554980705
52142   1.952409006418766
52143   1.2284309969170644
52144   1.2583551837482363
52211   1.8268917110522735
52212   1.9099731129701298
52213   1.5714800494162677
52214   1.530392164840098
52221   -0.00579638445010792
52222   0.8708643566121367
52223   0.0
52224   0.06214915181050082
52231   0.15122756018292016
52232   1.321972890921335
52233   0.6355453665291262
52234   0.1518568014011214
52241   2.5916610059324445
52242   2.653281975058234
52243   2.2019542655234945
52244   2.681016569092574
52311   0.0
52312   0.0
52313   0.0
52314   0.0
52321   0.0
52322   0.0
52323   0.0
52324   0.0
52331   0.0
52332   0.0
52333   0.0
52334   0.0
52341   1.1432359317295493
52342   -0.11075677379309767
52343   0.2582319484060094
52344   0.0067500000000000025
52411   0.0
52412   0.0
52413   0.0
52414   0.0
52421   0.0
52422   0.0
52423   0.0
52424   0.0
52431   0.0
52432   0.0
52433   0.0
52434   0.0
52441   0.0
52442   0.0
52443   0.0
52444   0.0
53111   1.3608149483116068
53112   2.0103240601290673
53113   1.7061888732972883
53114   1.6757300937640494
53121   2.1551761535046174
53122   2.8734490817543774
53123   2.374652868884619
53124   2.510251774600291
53131   2.383325078839185
53132   2.7148487592431305
53133   2.329758330057022
53134   2.4218361364000236
53141   1.958434125704923
53142   2.8677584991130325
53143   1.7785928611892827
53144   1.8413095595890416
53211   1.7726083071001268
53212   2.9348147344072752
53213   1.8802453439407256
53214   1.8848724585093648
53221   0.7683540956632801
53222   2.174353436797872
53223   0.6318819179091562
53224   0.7465614615473086
53231   1.2366590481703497
53232   3.0415392911587222
53233   1.305572951829622
53234   0.7865191959088512
53241   2.6995999631942826
53242   2.103004303062404
53243   1.8390045356136884
53244   2.5701159134705045
53311   0.0
53312   0.0
53313   0.0
53314   0.0
53321   0.0
53322   0.0
53323   0.0
53324   0.0
53331   0.0
53332   0.0
53333   0.0
53334   0.0
53341   0.6246009745896639
53342   0.0
53343   0.0
53344   0.0
53411   0.0
53412   0.0
53413   0.0
53414   0.0
53421   0.0
53422   0.0
53423   0.0
53424   0.0
53431   0.0
53432   0.0
53433   0.0
53434   0.0
53441   0.0
53442   0.0
53443   0.0
53444   0.0
54111   2.5380034238598763
54112   2.809322540894717
54113   2.5867995966521287
54114   2.4583052019292304
54121   1.8920213556443428
54122   2.4809313289323067
54123   2.084112747302272
54124   2.3045871559623206
54131   1.9453626665726371
54132   2.302131643385021
54133   1.836675402936653
54134   1.8811282388801323
54141   2.143648068877247
54142   2.514575647117641
54143   2.129246045711123
54144   2.5667702851736873
54211   0.4769438434239173
54212   3.0270434982095407
54213   0.603371804014287
54214   0.9559616768437313
54221   1.014842983821611
54222   2.4170121931370434
54223   1.2369772742459886
54224   1.535985149233817
54231   1.763617596781635
54232   2.3341648094718663
54233   2.0922695956727684
54234   1.9119148925495415
54241   1.4552259942736647
54242   2.9221884269288787
54243   1.3980421804309486
54244   1.8626808290651709
54311   0.0
54312   0.0
54313   0.0
54314   0.0
54321   0.0
54322   0.0
54323   0.0
54324   0.0
54331   0.1
54332   0.0
54333   0.009000000000000001
54334   0.0
54341   0.0
54342   0.0
54343   0.0
54344   0.0
54411   0.0
54412   0.0
54413   0.0
54414   0.0
54421   0.0
54422   0.0
54423   0.0
54424   0.0
54431   0.0
54432   0.0
54433   0.0
54434   0.0
54441   0.0
54442   0.0
54443   0.0
54444   0.0
55111   1.6516525719580102
55112   2.5252178790959436
55113   1.8511577075537382
55114   1.773386207284322
55121   0.8688224788705547
55122   0.8978442549853978
55123   1.1011433082595627
55124   0.6723491496407193
55131   0.869620653647591
55132   0.9947644748693115
55133   0.9667010335724862
55134   0.5967422765009143
55141   0.7113147514265525
55142   1.549783676557127
55143   1.0551748048447815
55144   1.1871243803320026
55211   0.05139523894190158
55212   0.6723433245416061
55213   0.05879998626445488
55214   0.16051089920874456
55221   2.363958105874997
55222   1.7371655780492445
55223   2.099257488797309
55224   1.807085908258173
55231   2.7288037690020426
55232   2.3635161377474607
55233   2.1679817048339673
55234   1.4647501407820065
55241   0.7593056713750317
55242   1.314515756988711
55243   -0.05669358187101601
55244   0.2924902144853017
55311   0.0
55312   0.0
55313   0.0
55314   0.0
55321   0.0
55322   0.0
55323   0.0
55324   0.0
55331   1.8491072281368615
55332   0.5819029065350014
55333   0.36117551930469005
55334   0.4427315881008414
55341   0.0
55342   0.0
55343   0.0
55344   0.0
55411   0.0
55412   0.0
55413   0.0
55414   0.0
55421   0.0
55422   0.0
55423   0.0
55424   0.0
55431   0.0
55432   0.0
55433   0.0
55434   0.0
55441   0.0
55442   0.0
55443   0.0
55444   0.0
56111   0.8435388103134703
56112   1.858124922237911
56113   -0.09513638707042131
56114   -0.38178917747243524
56121   0.7102579110286998
56122   -0.4814856065445931
56123   -0.07954213740423427
56124   0.10025417414779267
56131   1.3194603213265816
56132   -0.10987552879520945
56133   0.32671439002890496
56134   0.0966733840391639
56141   0.1287975246252063
56142   1.4788231984018365
56143   0.5248450339825275
56144   0.06419845853751961
56211   0.0
56212   0.0
56213   0.0
56214   0.04975
56221   1.5391539473472169
56222   0.48692226181600656
56223   1.1383743671697464
56224   1.0460256422172958
56231   2.371166814054054
56232   1.3897647609317274
56233   2.2233417804272704
56234   1.6058013548153363
56241   0.0
56242   0.29701
56243   0.0
56244   0.0
56311   0.0
56312   0.0
56313   0.0
56314   0.0
56321   0.5383872575740589
56322   0.0
56323   -0.09100000000000001
56324   0.11561400000000001
56331   2.0488914703417223
56332   -0.04796539094395567
56333   0.390703538346108
56334   0.5449050140676521
56341   0.0
56342   0.0
56343   0.0
56344   0.0
56411   0.0
56412   0.0
56413   0.0
56414   0.0
56421   0.0
56422   0.0
56423   0.0
56424   0.0
56431   0.0
56432   0.0
56433   0.0
56434   0.0
56441   0.0
56442   0.0
56443   0.0
56444   0.0
61111   -0.17001566636490978
61112   -0.3680109443174053
61113   0.38495172441197806
61114   -0.5932158289663882
61121   0.840286838404859
61122   1.3330079110899695
61123   0.052416799204695795
61124   0.04800067001568403
61131   0.32235113885461086
61132   0.9781239421060159
61133   -0.12432214535971167
61134   -0.5563188385489194
61141   0.8894305685074267
61142   0.2135196835189377
61143   -0.2119115172808751
61144   0.023829508616654463
61211   1.4787569570441728
61212   0.3557173158222675
61213   0.7538293429086649
61214   0.6413317457431349
61221   0.0
61222   0.0
61223   0.0
61224   0.0
61231   0.3242736958856296
61232   0.0
61233   -0.06467449006479527
61234   0.09468524588680383
61241   2.270683731017989
61242   0.7162647789289227
61243   1.0190872126511983
61244   1.6757813038888663
61311   0.28816238160287316
61312   -0.04906538565574142
61313   0.05093461434425859
61314   -0.07572423274590867
61321   0.0
61322   0.0
61323   0.0
61324   0.0
61331   0.0
61332   0.0
61333   0.0
61334   0.0
61341   2.876384965358822
61342   1.4216277933363035
61343   0.9979097213158763
61344   1.0879385951475267
61411   0.0
61412   0.0
61413   0.0
61414   0.0
61421   0.0
61422   0.0
61423   0.0
61424   0.0
61431   0.0
61432   0.0
61433   0.0
61434   0.0
61441   0.0
61442   0.0
61443   0.0
61444   0.0
62111   0.22071744602774024
62112   1.100743724374678
62113   0.3110322867368053
62114   0.22784104006735204
62121   1.1742143044181208
62122   2.11270106656898
62123   1.0861920303412032
62124   1.3478459575803736
62131   -0.016546536301604065
62132   1.2735772207434226
62133   0.7299867019471112
62134   0.7094257303442089
62141   1.7449133591619967
62142   1.2755748062915695
62143   1.1172485673332404
62144   1.0822684531470754
62211   1.852117024355402
62212   0.7898247983926924
62213   1.1013799900137367
62214   0.836575323856488
62221   0.0
62222   0.0
62223   0.0
62224   0.0
62231   0.22661769532726161
62232   1.4857013108680202
62233   1.703437768664087
62234   0.4265177699148872
62241   2.666022825431395
62242   2.4653947032115258
62243   2.2499571986263414
62244   1.9542084212704172
62311   0.0
62312   0.0
62313   0.0
62314   0.0
62321   0.0
62322   0.0
62323   0.0
62324   0.0
62331   0.6913346565624422
62332   0.10137429276276834
62333   0.1622201190906198
62334   0.10137429276276834
62341   3.271471140744715
62342   1.0994452527674603
62343   0.0861961150027658
62344   1.1632160012549566
62411   0.0
62412   0.0
62413   0.0
62414   0.0
62421   0.0
62422   0.0
62423   0.0
62424   0.0
62431   0.0
62432   0.0
62433   0.0
62434   0.0
62441   0.0
62442   0.0
62443   0.0
62444   0.0
63111   1.246311904167749
63112   2.434957751237095
63113   1.7033805937859696
63114   1.9927559049734045
63121   1.44481065534639
63122   2.460998981558719
63123   1.9443161516047298
63124   1.685052823484258
63131   1.529270596386994
63132   2.7347257772500204
63133   1.7917447002191116
63134   1.9180981740416947
63141   1.8246930458138624
63142   1.914909157188697
63143   1.5933267563204263
63144   1.5205520044587966
63211   0.3451103724929381
63212   1.5197288725651
63213   0.7079800232548323
63214   0.38090267612627354
63221   0.17634073864186942
63222   0.4178976043937538
63223   0.12559286922514756
63224   0.0
63231   2.4979267779406635
63232   2.5345184856789964
63233   2.4260136329440884
63234   1.855893619409845
63241   2.227103302223995
63242   2.8041751561265134
63243   2.6941379931643517
63244   2.4518585498319925
63311   0.0
63312   0.0
63313   0.0
63314   0.0
63321   0.0
63322   0.0
63323   0.0
63324   0.0
63331   0.20881
63332   0.4938458557831558
63333   0.024240147026804302
63334   0.03145519861429907
63341   2.140037200442069
63342   0.8530652772927271
63343   0.890253613281275
63344   0.5599767463869412
63411   0.0
63412   0.0
63413   0.0
63414   0.0
63421   0.0
63422   0.0
63423   0.0
63424   0.0
63431   0.0
63432   0.0
63433   0.0
63434   0.0
63441   0.0
63442   0.0
63443   0.0
63444   0.0
64111   0.8840226754457678
64112   2.1771844256182646
64113   1.7025478958634437
64114   1.26870053793401
64121   1.1130202060766619
64122   1.8680599045445332
64123   1.4596284780364726
64124   1.1793744005722042
64131   1.8430082268177028
64132   2.8095451002977114
64133   1.737753777322958
64134   1.885672206494916
64141   1.4120665319364625
64142   2.0875812453854357
64143   1.4407197046358768
64144   1.5749839902203884
64211   -0.125
64212   0.1
64213   0.528681804105175
64214   0.0
64221   0.36081872124838343
64222   1.1069832830976498
64223   0.7917033076198294
64224   0.7594823902245632
64231   2.609443623868639
64232   3.081697805480961
64233   2.684552953523295
64234   2.8382546243522917
64241   1.1256622776334855
64242   2.2745940382241088
64243   1.631053875071853
64244   1.3324481678323867
64311   0.0
64312   0.0
64313   0.0
64314   0.0
64321   0.0
64322   0.0
64323   0.0
64324   0.0
64331   1.5954124412287405
64332   0.7058543614202435
64333   0.4083638923842008
64334   0.8547174234327115
64341   0.233988031402704
64342   0.1402659184232885
64343   0.0
64344   0.3625165778935292
64411   0.0
64412   0.0
64413   0.0
64414   0.0
64421   0.0
64422   0.0
64423   0.0
64424   0.0
64431   0.0
64432   0.0
64433   0.0
64434   0.0
64441   0.0
64442   0.0
64443   0.0
64444   0.0
65111   1.1743077005243099
65112   1.9965199220481393
65113   1.2364013941959486
65114   1.4556964756565143
65121   0.9063370308999382
65122   0.8372376994035318
65123   0.8902515143653741
65124   1.0765803425902882
65131   1.5250297396036634
65132   1.5269032486893985
65133   1.110496002337047
65134   1.2957872776586725
65141   0.07877533787305535
65142   0.6252726785191932
65143   0.19802822436969858
65144   0.4876890037255705
65211   0.0
65212   0.0
65213   0.0
65214   0.1
65221   0.8630076833439289
65222   0.6055948205640689
65223   1.525354448422491
65224   0.9358799850284298
65231   2.40470651802233
65232   2.52242326595568
65233   2.2816772653175765
65234   2.564086159114872
65241   1.4508646215107253
65242   0.6342759267722058
65243   0.6559673098563683
65244   0.4044977781750994
65311   0.0
65312   0.0
65313   0.0
65314   0.0
65321   0.0
65322   0.0
65323   0.0
65324   0.0
65331   3.182728147871397
65332   1.2075440487216453
65333   1.2113829818614428
65334   1.725669962829474
65341   0.0
65342   0.0
65343   0.0
65344   0.0
65411   0.0
65412   0.0
65413   0.0
65414   0.0
65421   0.0
65422   0.0
65423   0.0
65424   0.0
65431   0.0
65432   0.0
65433   0.0
65434   0.0
65441   0.0
65442   0.0
65443   0.0
65444   0.0
66111   0.5965468374615969
66112   1.2366356914005594
66113   -0.2025003263492453
66114   0.0013067125199948126
66121   -1.0380775605269459
66122   -1.3282244413144888
66123   -0.7232335792964996
66124   0.09240208495222102
66131   0.978640868354242
66132   0.07209521663257495
66133   0.24592053502020916
66134   0.5214042815127922
66141   -0.0253280982728004
66142   0.7265779463292469
66143   -0.46563791795719894
66144   -0.42232416845271764
66211   0.0
66212   0.0
66213   0.0
66214   0.0
66221   0.8233537411248559
66222   0.28341199941764317
66223   1.1364659591607316
66224   1.48414850507222
66231   2.435319463690117
66232   1.692422003599898
66233   1.6831265752333773
66234   1.6526962355000512
66241   0.64463451173075
66242   0.40979938250000003
66243   0.0067500000000000025
66244   0.0
66311   0.0
66312   0.0
66313   0.0
66314   0.0
66321   0.0
66322   -0.30325
66323   -0.3325
66324   0.0
66331   3.1260399209525667
66332   1.2493214078835628
66333   1.4219556011491874
66334   0.9181121771810998
66341   0.0
66342   0.0
66343   0.0
66344   0.1
66411   0.0
66412   0.0
66413   0.0
66414   0.0
66421   0.0
66422   0.0
66423   0.0
66424   0.0
66431   0.0
66432   0.0
66433   0.0
66434   0.0
66441   0.0
66442   0.0
66443   0.0
66444   0.0
71111   -1.5355123639344765
71112   -1.6321839639526055
71113   -1.398190918594569
71114   -0.5826356834286284
71121   0.13121160753959696
71122   0.37953292960320595
71123   -0.6078349639130435
71124   -0.5446738768005349
71131   -0.03121611661989454
71132   -0.2900142828199208
71133   0.11382260507657643
71134   -0.10135414967017678
71141   1.0483463742938053
71142   -0.24247859680248116
71143   -0.2771542520952298
71144   -0.9553600591310588
71211   0.5470481957304533
71212   0.2785161015462247
71213   0.18624718454724148
71214   0.3513911836166784
71221   0.0
71222   0.0
71223   0.0
71224   0.0
71231   0.14483103231398298
71232   0.02423193124413786
71233   0.3894591620834298
71234   -0.06573959884098336
71241   1.2492705196040856
71242   1.2256075224165934
71243   1.4037159331102007
71244   1.1321731680784695
71311   0.0
71312   0.0
71313   0.0
71314   0.025
71321   0.0
71322   0.0
71323   0.0
71324   0.0
71331   0.0
71332   0.0
71333   0.0
71334   0.025
71341   3.10419670696034
71342   1.4541280156857954
71343   0.5819581153224157
71344   1.5292290767536492
71411   0.0
71412   0.0
71413   0.0
71414   0.0
71421   0.0
71422   0.0
71423   0.0
71424   0.0
71431   0.0
71432   0.0
71433   0.0
71434   0.0
71441   0.0
71442   0.0
71443   0.0
71444   0.0
72111   -1.3189246897885334
72112   -0.6767408472560204
72113   -0.3985625359190229
72114   -0.2884295624390525
72121   0.7272200086593001
72122   0.7168796786657873
72123   0.2646466158468818
72124   0.37478855437077696
72131   0.06970878749475633
72132   -0.12229283056831448
72133   -0.09043599267697952
72134   0.09528711222891897
72141   0.08390995956348339
72142   0.1390949640606601
72143   -0.2646589687629826
72144   0.08494293761242189
72211   0.6428817651303778
72212   -0.3144657010595573
72213   1.1489244938015215
72214   0.0
72221   0.0
72222   0.0
72223   0.0
72224   0.0
72231   1.2278910467003488
72232   0.5259739729195534
72233   0.5800040280414172
72234   0.9837692339014437
72241   2.373256104659869
72242   2.27634000971055
72243   1.8746369965501866
72244   2.354238855933406
72311   0.0
72312   0.0
72313   0.0
72314   0.0
72321   0.0
72322   0.0
72323   0.0
72324   0.0
72331   1.4509464092149378
72332   0.09526678832954102
72333   0.3473210158476008
72334   0.4054489263305249
72341   3.655051002130033
72342   2.3720149800121253
72343   2.8513220485788775
72344   2.787688956183955
72411   0.0
72412   0.0
72413   0.0
72414   0.0
72421   0.0
72422   0.0
72423   0.0
72424   0.0
72431   0.0
72432   0.0
72433   0.0
72434   0.0
72441   0.0
72442   0.0
72443   0.0
72444   0.0
73111   0.1573212988909762
73112   0.9151229852273136
73113   0.434177059866826
73114   0.4308134559250086
73121   0.7402510081072298
73122   1.4349210328355628
73123   0.5884904090271514
73124   0.8246832441634244
73131   1.1909376428728495
73132   0.6199875323622056
73133   0.6003805076142552
73134   0.36171878065278357
73141   -0.322113751966979
73142   -0.10177463304079018
73143   0.008245567991511757
73144   0.28990435469124576
73211   0.11271920629664461
73212   1.054640667542125
73213   0.13263724423775336
73214   0.18559378673090277
73221   0.0
73222   0.0
73223   0.0
73224   0.0
73231   1.3291299993547225
73232   0.8725089964667531
73233   1.559205597141644
73234   1.8105553123186073
73241   1.7988699031141786
73242   1.7290264708082146
73243   1.7569835920443047
73244   1.8912764905497914
73311   0.0
73312   0.0
73313   0.0
73314   0.0
73321   0.0
73322   0.0
73323   0.0
73324   0.0
73331   1.6975383251801814
73332   0.4016852451526447
73333   0.9636223571008526
73334   1.78110651370586
73341   3.4877392296837324
73342   2.6558323704084152
73343   2.4744350999728306
73344   2.4088259466098156
73411   0.0
73412   0.0
73413   0.0
73414   0.0
73421   0.0
73422   0.0
73423   0.0
73424   0.0
73431   0.0
73432   0.0
73433   0.0
73434   0.0
73441   0.0
73442   0.0
73443   0.0
73444   0.0
74111   -0.06745211198143436
74112   0.9582124791675364
74113   0.7973195388189318
74114   0.5656242808864917
74121   0.5194528732110826
74122   1.340828551276147
74123   1.0357788305425424
74124   0.4583495657492625
74131   0.4746702098093989
74132   1.1956894117156072
74133   0.6133264176299424
74134   0.9013020807356327
74141   0.39099543518046176
74142   0.6610802054276935
74143   0.6396335619132416
74144   0.3927505875970956
74211   0.0
74212   0.0
74213   0.0
74214   0.0
74221   0.2549558477127796
74222   0.32425187042800796
74223   0.01239321996177368
74224   0.13843085483859072
74231   2.3266905132506466
74232   1.8691669077467585
74233   2.115071085994873
74234   2.201822099169784
74241   1.5827884683280673
74242   0.9244367445671443
74243   1.7436659038814935
74244   1.596868153632712
74311   0.0
74312   0.0
74313   0.0
74314   0.0
74321   0.0
74322   0.0
74323   0.0
74324   0.0
74331   2.398729047908348
74332   1.723215063744337
74333   1.351805132287973
74334   0.9210021522513608
74341   2.340349209176178
74342   0.5960955448436103
74343   0.3869694088577035
74344   0.9604878415893126
74411   0.0
74412   0.0
74413   0.0
74414   0.0
74421   0.0
74422   0.0
74423   0.0
74424   0.0
74431   0.0
74432   0.0
74433   0.0
74434   0.0
74441   0.0
74442   0.0
74443   0.0
74444   0.0
75111   0.7006733352663161
75112   1.8588196954483536
75113   0.8896852898524648
75114   0.22521114544882695
75121   -0.561891614797503
75122   0.2609836632396952
75123   0.9234828287135622
75124   0.28994209251149305
75131   0.24140039873961894
75132   0.12051718860088867
75133   0.037136882724510475
75134   -0.07310967941751761
75141   -1.4619541027656753
75142   -0.29729063836742065
75143   -0.4387380378136808
75144   0.20099122456523405
75211   0.0
75212   0.0
75213   0.0
75214   0.0
75221   0.36872812004944416
75222   0.08320860606141176
75223   0.5284736758415729
75224   0.07172588172980093
75231   1.8121401075608865
75232   1.7547755409071155
75233   1.789851320254357
75234   1.854719347992373
75241   1.0043755582753557
75242   0.12003336149403818
75243   0.5899222177502917
75244   0.8557506539978246
75311   0.0
75312   0.0
75313   0.0
75314   0.0
75321   0.0
75322   0.0
75323   0.0
75324   0.0
75331   3.391279645770007
75332   1.5229341885389585
75333   2.162488434651306
75334   1.2634730146905988
75341   1.1751722569435537
75342   0.03563402292044161
75343   0.10782200006436782
75344   0.12436046075694818
75411   0.0
75412   0.0
75413   0.0
75414   0.0
75421   0.0
75422   0.0
75423   0.0
75424   0.0
75431   -0.1
75432   0.0
75433   0.0
75434   0.0
75441   0.0
75442   0.0
75443   0.0
75444   0.0
76111   -0.32194470831845867
76112   0.5292480243523444
76113   -0.23957811311748256
76114   -0.8076517548790689
76121   -0.40025713868399637
76122   -1.9259088763473111
76123   -0.8735212632930526
76124   -1.2283865225878277
76131   0.8478427029863799
76132   0.06929655891825406
76133   -0.21391284166407848
76134   -0.23520290673719843
76141   -0.45848835073828587
76142   -0.14838293090953486
76143   0.2716225758684682
76144   -0.606534148519779
76211   0.0
76212   0.0
76213   0.0
76214   0.0
76221   0.44875971964116623
76222   -0.5634468691000191
76223   -0.09649157597626541
76224   0.0640704954776179
76231   2.3437431674701283
76232   1.0003019106003035
76233   1.449038089757302
76234   1.8240446465035811
76241   0.20745548318716578
76242   0.05068220008221666
76243   0.0653695
76244   0.150937038162694
76311   0.0
76312   0.0
76313   0.0
76314   0.0
76321   0.0
76322   0.0
76323   0.0
76324   0.0
76331   3.277053225662475
76332   1.6261166099249662
76333   1.7391313911568365
76334   2.2712077413264513
76341   0.21336672282642583
76342   0.10979014369736528
76343   0.019203005054378327
76344   0.0
76411   0.0
76412   0.0
76413   0.0
76414   0.0
76421   0.0
76422   0.0
76423   0.0
76424   0.0
76431   0.1
76432   0.0
76433   0.0
76434   0.0
76441   0.0
76442   0.0
76443   0.0
76444   0.0
81111   0.0441064990930469
81112   -0.38544677455032184
81113   -0.31067248413262283
81114   -0.34803253046954086
81121   -0.030957361792281576
81122   0.0
81123   0.010015703319284346
81124   -0.3325
81131   -0.3496009472464838
81132   -0.49214090417510714
81133   -0.27997130417510707
81134   -0.17991034592617797
81141   0.4927179197317136
81142   -0.3084316621952696
81143   -0.7645943442622558
81144   -0.8155627657079038
81211   0.0
81212   -0.07500000000000001
81213   0.1
81214   0.0
81221   0.0
81222   0.0
81223   0.0
81224   0.0
81231   0.33600026116375525
81232   0.0
81233   0.21169477315795393
81234   0.1195778254263744
81241   1.9891744497019244
81242   1.2452550384016987
81243   0.8615552970930742
81244   1.3492637428537921
81311   0.0
81312   0.0
81313   0.0
81314   0.0
81321   0.0
81322   0.0
81323   0.0
81324   0.0
81331   0.4879602658869244
81332   0.0
81333   0.0
81334   0.0
81341   3.463346490595476
81342   1.4815402517246594
81343   1.3046565797484369
81344   0.7756121813272102
81411   0.0
81412   0.0
81413   0.0
81414   0.0
81421   0.0
81422   0.0
81423   0.0
81424   0.0
81431   0.0
81432   0.0
81433   0.0
81434   0.0
81441   1.15536766701762
81442   -0.010971746702209226
81443   0.0
81444   0.07433931411062461
82111   -0.5558115227251978
82112   -0.6360007968108036
82113   0.02379007475589856
82114   -0.4637944381634566
82121   -0.40309396023570854
82122   0.1800504802186053
82123   -0.7524778578776381
82124   -0.12483557735001419
82131   -0.5638770806778013
82132   -0.7711446936080656
82133   0.11646025071034027
82134   -0.6085629444170298
82141   0.37490509526917853
82142   -0.5752508577416346
82143   -0.5177154116453228
82144   -0.5374164258293872
82211   -0.07587495374666516
82212   0.24723348946243917
82213   0.0
82214   0.0
82221   0.0
82222   0.0
82223   0.0
82224   0.0
82231   1.0135731668293861
82232   -0.1604403514371694
82233   0.6831293433016584
82234   0.2518774725241375
82241   1.990608753435099
82242   1.0264872035476922
82243   1.2226927732095294
82244   1.4503111941137603
82311   0.0
82312   0.0
82313   0.0
82314   0.0
82321   0.0
82322   0.0
82323   0.0
82324   0.0
82331   1.1939273069797927
82332   -0.1296773273002036
82333   0.2524942943512967
82334   0.26046429657464426
82341   3.2670523843893573
82342   1.1345549612026078
82343   1.6481041680013946
82344   2.278326571983335
82411   0.0
82412   0.0
82413   0.0
82414   0.0
82421   0.0
82422   0.0
82423   0.0
82424   0.0
82431   0.0
82432   0.0
82433   0.0
82434   0.0
82441   0.0
82442   0.0
82443   0.0
82444   -0.1
83111   -0.17396338382092413
83112   1.1740339894974021
83113   0.08531170321703344
83114   -0.7801263502159621
83121   0.1260744037929375
83122   0.6175803198853507
83123   -0.13287097088588748
83124   -0.3833280160920269
83131   -0.6031996150494433
83132   -1.0044259834932014
83133   0.15562833336878856
83134   -0.7052337011304366
83141   0.11788989457140514
83142   -0.6374128191241546
83143   -0.26013002078609626
83144   -0.9748131482385751
83211   0.12425000000000001
83212   0.0
83213   0.0
83214   0.0
83221   0.0
83222   0.0
83223   0.0
83224   0.0
83231   1.6814613257724143
83232   -0.2895205000084335
83233   0.37237607954538515
83234   1.0347300857117605
83241   0.7137388238972708
83242   0.42873452011871854
83243   0.9663379641678395
83244   0.830550269286992
83311   0.0
83312   0.0
83313   0.0
83314   0.0
83321   0.0
83322   0.0
83323   0.0
83324   0.0
83331   2.1857494861563027
83332   0.6762010410916076
83333   0.3588824535421525
83334   1.1285686758393751
83341   2.933211639876112
83342   1.5715858034571522
83343   1.2878144525563409
83344   1.9087718663255178
83411   0.0
83412   0.0
83413   0.0
83414   0.0
83421   0.0
83422   0.0
83423   0.0
83424   0.0
83431   0.0
83432   0.0
83433   0.0
83434   0.0
83441   0.1
83442   -0.1335
83443   -0.066
83444   0.0
84111   -0.09864550583928124
84112   0.7121041768361739
84113   0.20849092333553912
84114   -0.5557413544592718
84121   -0.1857872732877297
84122   1.4533105096980017
84123   0.36551490635204553
84124   -0.26966243362463327
84131   0.546143165306598
84132   -0.2896262793525613
84133   0.29508250046618695
84134   0.6642773983810071
84141   0.2880291814636113
84142   -1.116791439870907
84143   -0.577438933732771
84144   -0.45767096578219746
84211   0.0
84212   0.0
84213   0.0
84214   0.0
84221   0.0703152540223814
84222   0.0
84223   0.0
84224   0.0
84231   1.7251676385762997
84232   0.8670051468879636
84233   0.9046777925564303
84234   1.351475482656369
84241   1.259332847541993
84242   0.011758265725216474
84243   0.9143094834284899
84244   0.5998809258935955
84311   0.0
84312   0.0
84313   0.0
84314   0.0
84321   0.0
84322   0.0
84323   0.0
84324   0.0
84331   2.955433732460752
84332   0.6545645000733412
84333   1.3777851011040485
84334   0.8408317333084343
84341   2.438763472834833
84342   0.4007169671736232
84343   1.0879251792819757
84344   1.095441754589915
84411   0.0
84412   0.0
84413   0.0
84414   0.0
84421   0.0
84422   0.0
84423   0.0
84424   0.0
84431   0.0
84432   0.025
84433   0.0
84434   0.0
84441   0.0
84442   0.0
84443   0.0
84444   0.0
85111   -0.45687095493422475
85112   -0.283742453866133
85113   -0.3946075910583327
85114   -0.3279984417329038
85121   -0.058705769270383554
85122   0.4320525793975077
85123   -0.07950020433945969
85124   -0.5013874530155842
85131   0.4447035730740144
85132   -0.4115516827370952
85133   -0.3012930219214208
85134   -0.5473921490560105
85141   -1.2946552180298836
85142   -1.6084789607227805
85143   -0.5448906017613513
85144   -1.213844513643469
85211   0.0
85212   0.0
85213   0.0
85214   0.0
85221   0.09860996569087487
85222   0.0
85223   0.0
85224   0.0
85231   1.8434812739856357
85232   0.9481234735661855
85233   1.510888617982547
85234   1.3635558934028233
85241   0.8409243196936538
85242   -0.7026542056735199
85243   0.20043223553589215
85244   0.06915038849755983
85311   0.0
85312   0.0
85313   0.0
85314   0.0
85321   0.0
85322   0.0
85323   0.0
85324   0.0
85331   2.669103053236957
85332   1.0379513489861614
85333   1.0102292774811923
85334   1.0974093337287782
85341   1.7565525475949917
85342   0.14011774814389938
85343   0.2179508550446222
85344   0.34714283485177316
85411   0.0
85412   0.0
85413   0.0
85414   0.0
85421   0.0
85422   0.0
85423   0.0
85424   0.0
85431   1.02930204658946
85432   0.0
85433   0.0
85434   -0.07500000000000001
85441   0.0
85442   0.0
85443   0.0
85444   0.0
86111   0.01383642453409938
86112   0.19226315804345012
86113   -0.2
86114   -0.2100093252073056
86121   -0.3388840941826803
86122   -0.37333579239191406
86123   -0.3310663183217279
86124   -0.40925
86131   0.9265866722559845
86132   -0.04148259753520504
86133   -1.2199907365293943
86134   -1.1031879607367323
86141   -0.2643497122189405
86142   -0.16641420824132352
86143   -0.2700888082177314
86144   -0.5676086363968379
86211   0.0
86212   0.0
86213   0.0
86214   0.0
86221   0.16167938919005048
86222   -0.08544885497289545
86223   0.12084531579873066
86224   0.0
86231   1.2585561191350074
86232   0.8302378828228576
86233   0.5782019492363015
86234   0.14121124463186313
86241   0.30206
86242   0.134
86243   0.0
86244   0.0
86311   0.0
86312   0.0
86313   0.0
86314   0.0
86321   0.0
86322   0.0
86323   0.0
86324   0.0
86331   2.2862263713425692
86332   0.8580032066427419
86333   1.206541347630995
86334   0.1984629253054123
86341   0.4145683492120686
86342   0.143
86343   0.04300000000000001
86344   0.0
86411   0.0
86412   0.0
86413   0.0
86414   0.0
86421   0.0
86422   0.0
86423   0.0
86424   0.0
86431   1.1361793892274048
86432   0.0
86433   -0.05383235409884634
86434   0.0
86441   0.0
86442   0.0
86443   0.0
86444   0.0
